Zip Code,Mean,Median
11211,145.75929566272114,113.0
11221,88.3342673017652,69.0
11206,94.82142640364188,75.0
11216,107.35803485659393,85.0
10002,174.14166666666668,129.0
10009,166.54418572029738,135.0
11238,135.21012732759255,100.0
10003,220.49122941991075,160.0
11222,124.13518821603928,100.0
10019,215.059272404614,170.0
11237,80.72876263316034,65.0
10025,166.18325493885231,110.0
10011,225.69172932330827,195.0
10031,95.55808216239407,75.0
10027,135.22929662292967,100.0
11215,144.8844733012426,129.0
10036,213.9321016166282,168.0
10029,129.88536585365853,98.0
10014,244.65242265032109,200.0
10012,224.1767463666198,185.0
11249,170.6542356137318,135.0
11205,140.44034055339927,99.0
11233,100.71900077659849,80.0
10016,215.00978189028422,170.0
11225,95.29438050101557,80.0
11226,85.10378260275843,69.0
11217,163.9941704742398,130.0
11201,174.43965811965813,145.0
10032,92.66502821773166,70.0
10023,219.79220055710306,182.0
